6000
6767 24533
27853 28121
29831 32247
6250 14140
6391 24356
6322 7476
15322 23637
17100 16417
23718 5504
7142 8520
1302 1212
12233 28443
29800 19621
13744 26299
2761 17922
30554 28347
2318 4261
11870 20263
30884 11155
19391 10948
20426 22629
24000 7578
9725 19950
2041 9392
3252 32286
16811 13079
24654 29478
20049 6185
9545 2013
9335 6931
17844 32611
14031 28561
17127 16388
21378 26617
12145 13663
3524 2171
1362 7623
26027 24487
11371 18153
8769 18479
17714 32175
4568 30703
2986 13669
9373 42
26259 10779
5488 8983
30429 586
5363 8860
15203 13242
10977 27737
7382 12194
16802 18152
30199 6674
4124 25699
27658 4238
21963 32295
11143 17403
7444 24024
23826 27072
30678 30630
26285 18469
27203 31182
19757 25086
30702 30051
18922 1422
1828 1102
26811 17062
3712 4244
16930 3085
16570 8407
9667 2084
10944 20000
18715 21706
30728 18139
20078 17022
20772 803
14337 19139
2199 3648
7050 17865
2535 2414
10725 9033
16115 19424
24328 10929
24455 17413
28217 1665
24366 32266
15999 7925
27975 29600
2902 2020
15195 2303
32166 1512
32174 23339
20726 28351
23060 17270
22749 26865
14598 13382
31418 20147
11509 21272
28581 14348
25566 29637
25254 28726
22303 22788
16164 23111
11657 24113
17312 2321
950 28237
11427 3654
3741 27717
3060 17632
19555 28791
8207 6847
14197 32626
16339 7572
12243 7677
11899 20223
3759 26204
27599 1012
6198 718
21659 21347
16302 12634
10081 22552
29121 13515
16715 18912
22808 22266
10083 12781
20780 24651
12294 15995
31577 10362
24726 31156
10805 9368
21360 26577
5919 5712
14878 20611
5659 16495
20429 14225
15325 17572
20481 18626
10787 3715
17799 15101
30280 28624
17836 28335
24086 20987
27564 19309
16093 8423
10349 8411
705 21231
14957 3788
30808 12843
25081 14506
18549 19183
9633 18457
32318 9109
15080 727
21893 8573
26432 30694
17237 16209
27957 2030
27850 30862
23016 19677
38 3648
18111 9424
9250 2317
25435 25654
29058 7284
23498 29490
10988 20311
28414 23106
9978 3511
18814 543
8334 1984
30812 10980
24934 517
2151 24177
31472 31500
9633 25106
351 18957
20212 27484
31998 6903
29216 7256
1476 27572
1016 2788
15657 28334
26830 22357
6713 30354
16684 5729
15335 20308
28357 4669
13731 10355
26026 9986
2607 29822
7617 15957
18606 25047
14452 11847
32766 20663
11942 32634
31815 27250
6891 24198
724 15868
29688 15514
34 1452
19288 25447
23607 31297
25697 57
26933 22307
14183 27239
8239 29675
13615 10478
8251 5924
24230 31577
9161 26195
1235 27108
24627 5942
17675 8416
917 17994
5476 7001
17630 5775
30060 24823
14887 32399
5914 23330
26948 26269
5124 1385
18073 31835
723 32037
5679 24447
244 13401
25352 3030
1169 19421
175 9353
2752 22716
19218 1183
30202 6362
6292 14531
12494 23258
4703 17991
26838 7486
26359 25450
30187 10448
2837 1238
16789 10817
31922 25709
17093 3857
15458 25925
25031 10670
28899 30961
22642 24800
26870 27139
25250 28260
28525 12238
21224 28888
9606 12145
24447 21719
22391 3601
15234 22884
32586 30821
20573 13196
27115 888
11138 5447
12928 2730
29789 7072
2040 12024
32393 26645
28903 23422
19524 26945
401 29498
5408 5816
14404 3091
9468 9267
29676 23322
10035 28653
14561 13839
12819 12364
14339 20007
9873 9412
19465 2060
14394 19961
24854 5414
12653 28963
31373 12825
18376 27319
19239 11919
5344 5188
4931 8759
1845 16794
14717 29454
24421 6450
20865 4317
3487 19402
1314 2562
859 28496
5030 23924
19784 257
23396 11778
2438 21202
8594 15067
3606 26639
3160 16723
21391 1346
808 11236
30738 30550
26962 12915
28287 22012
26323 20437
11753 17742
13166 12434
30024 31410
6143 32489
30574 2306
6667 12308
829 14314
1435 14029
31766 27281
18763 16144
13972 22907
22686 22307
3451 9134
2196 10708
17131 31507
6783 11778
474 28704
26898 28510
5057 8372
27579 21619
7828 20034
1075 1508
32504 7986
19027 23285
4785 3972
18985 28493
1881 21687
26699 17915
344 14569
24683 7606
12048 12607
4652 23145
7256 13191
4148 10223
23084 3868
9602 14874
20130 19722
17666 19963
16672 23411
5983 20573
30413 2098
6937 19859
29509 3773
2775 3700
12689 15696
32254 1699
26966 30024
30594 30740
13388 2765
22269 28619
10226 18355
24574 32743
14209 5538
19363 23264
29214 4981
6250 13325
29011 6625
3140 2409
3008 29527
7403 14998
8206 19243
12918 4386
3109 6133
30763 7690
9375 1336
12180 4220
16508 8257
14805 27105
11543 19538
19260 13083
7768 16896
32026 5899
28460 7642
12753 1623
17970 16971
32559 18538
29368 4290
4858 7612
5605 15887
17868 22355
27703 17937
20513 1930
19249 17038
21935 12305
10061 10594
15094 4405
13880 13788
30999 32353
318 357
25577 23525
31747 3938
5706 10743
29557 20572
30899 16631
26878 24670
5648 8952
11774 1183
13006 1659
21368 11361
23093 32381
16908 31001
22008 25525
3621 4560
17418 25367
23667 17865
16052 21916
27292 16996
19173 17733
4142 24642
201 17246
19417 19370
8860 29696
12507 3116
5569 29401
18619 12164
29198 29999
15674 7105
7019 19747
24199 19622
6555 12851
22962 80
8793 29443
13155 5913
2471 29789
23244 10941
3171 8566
26844 8379
10523 12659
24501 15358
31522 26155
32353 29117
19427 10287
31936 1440
20086 9224
17349 12580
14705 19647
30178 23104
13057 26531
23489 7497
17209 1350
2357 11795
16553 3017
20080 21593
27443 13913
18806 1886
10522 11770
11218 27861
6748 8067
2183 16126
30274 29418
15945 24083
26421 1986
20973 4322
22739 6914
19743 14523
27714 14856
30035 31884
1732 26334
28414 12107
11916 20923
8453 30100
10705 19405
27765 28308
5152 22325
3190 25637
24054 30804
12922 17978
27278 11333
12986 30078
16376 10410
21731 8504
32107 18604
7436 15474
3036 19261
8428 20058
15567 18080
15690 8680
19310 29996
16308 6337
29656 16205
22644 9564
5307 9931
26816 12387
3877 30543
305 27996
22679 24611
9335 25224
29532 23353
8778 10251
16664 1391
7843 8782
25508 19473
6445 15266
8217 5023
2294 24870
30763 15313
24683 18154
28089 9433
3459 14164
9377 6632
19002 29123
22233 17651
20801 23667
20156 4023
19188 3489
23457 5627
1676 28655
29874 3349
21398 1545
32252 17583
4004 4489
25538 9419
15426 8472
23 19717
12587 18902
32428 14616
16061 4093
13030 3748
21675 17089
5171 30767
242 20346
21663 12649
23310 20484
17826 10420
12141 22630
32572 23011
32548 18355
32068 17986
10209 8238
9982 11735
18464 10929
29931 28136
13218 26960
10469 10430
3099 7481
19563 6824
21036 25566
26937 16450
656 12119
12315 12790
5018 7681
516 22724
26335 30060
3930 24639
816 17524
405 2520
10955 28845
25352 17759
8657 13061
14590 12999
14587 18340
1033 28970
28809 21783
6807 24332
18300 20142
4550 12260
2821 22050
10362 31449
14909 24699
26796 9929
21014 8753
29445 22415
5522 1682
10411 16518
9779 13923
10075 73
178 29130
19384 27069
12788 16748
11746 24146
22585 17106
19531 7557
17559 5137
22726 11690
20647 8874
23521 16872
15486 25007
8821 16773
10462 11047
10619 21603
430 20660
31777 6347
27816 8051
14366 26218
4178 23332
11330 17049
18223 29835
17745 27106
4918 32533
15633 4799
25987 10687
16290 19876
3661 16180
31502 9792
26904 28981
19745 27137
6443 29502
891 14294
27205 10343
25059 15672
10636 26760
25310 17515
2758 8352
26240 30721
28107 21112
17283 32673
6202 14211
28310 23046
14188 2825
11255 6218
16038 16260
32580 24165
30099 9035
19855 19697
19185 14445
26032 14384
16266 17376
25311 20559
32102 22491
7554 7916
28479 23936
7747 32215
27701 25022
18278 27413
19395 10614
10329 24107
30194 20700
12173 665
17356 31265
11909 31652
17428 20303
25645 5464
14388 23412
364 1742
23927 32514
23548 10667
22136 886
17274 19177
18651 4664
11449 30938
826 4802
10076 29289
16226 13317
20900 7076
21696 9480
16006 7031
28438 16595
513 1722
7538 12683
22446 15471
19809 20190
6041 22340
1632 15266
27983 22624
31123 1720
1336 28507
14778 21303
9255 910
12128 19398
23856 25230
7509 25930
22970 14323
18783 13506
26580 12894
7469 23662
17101 31162
21388 21559
18942 23233
1502 4427
6635 19394
11719 20744
15243 11938
28457 2843
24035 29730
15955 20201
19930 1119
13941 4142
8264 4255
13399 9955
16976 12874
2379 1638
25584 31543
23137 28629
28886 23337
32729 9146
2933 32410
30942 22254
15961 2743
18289 28343
22455 23211
18595 18484
9033 8736
23815 3835
30296 6403
30055 26368
16923 5256
22454 28089
8255 12655
12358 22143
3527 29573
17211 9784
18454 32365
21056 21043
74 19360
2680 18003
22732 435
3767 5744
24869 20697
29171 24314
1044 30888
13813 6367
7133 23328
8788 25775
8419 16617
1956 4351
9849 13020
17131 24587
6646 3269
5460 20639
30727 11623
9256 28215
27722 26561
13561 27749
3864 6544
31265 4467
13730 2837
875 13385
2111 31768
9999 20882
21252 557
30436 31771
17558 7222
5585 11387
3900 7977
388 13305
8248 24596
9319 22186
24920 16222
17360 20698
14536 31055
7801 19373
15146 24530
20271 1286
17384 24954
18382 11944
26569 452
30828 18588
30147 9884
30421 31442
31249 24354
14904 12811
30597 1965
16159 1013
19230 28432
10148 7832
28125 24861
11234 18162
2261 14952
28331 10974
3970 26958
2681 2619
21595 53
27302 31561
19370 15636
17631 20054
28828 10807
18134 21659
148 15420
19511 3681
197 4450
12510 1128
16896 13827
4935 20616
22218 4702
6981 6553
12210 26010
6391 1681
20962 29192
4088 27884
23539 16041
727 15953
19718 4592
4807 31090
16912 2504
18327 8756
7541 29913
5092 1296
19673 20743
27021 18872
8498 4924
29287 6398
27938 7272
16690 23026
23941 32710
3788 19019
16454 32352
22437 30217
11638 23509
28019 21080
18079 28762
20775 32694
85 7167
26911 30552
10767 32564
26525 10186
10293 7307
30072 17623
5242 18367
29969 20136
14444 1526
29065 5168
5705 17219
3633 13511
29717 367
2626 25876
7401 25593
11471 31537
19598 15707
11511 1546
31051 399
27231 29702
28666 16850
2528 3306
30305 5544
19068 17146
26560 5408
9879 8033
32679 18521
5475 19922
18186 12357
157 2928
22423 19629
17015 31979
26951 17269
16341 12268
24116 3362
29371 19380
16554 19097
30982 13568
26496 10281
31579 10543
13481 29132
94 5286
8710 15530
36 10356
4222 18911
19434 29490
3409 1662
7687 301
425 19670
26143 18376
115 19188
9626 24603
9836 12905
28756 21728
16511 5453
26006 1936
11342 5251
13638 28873
9999 17215
1370 16371
32409 25542
19346 7715
22718 24949
28519 6207
1244 11269
18495 29796
2991 22541
19426 30340
29033 10440
305 22612
24069 26393
2838 30821
8152 10700
24503 1168
15465 29471
32751 9112
898 18305
17150 25099
22663 8601
2687 26217
9735 26506
29339 12424
12177 17782
21117 26679
13769 4417
8453 32546
8378 7063
4545 10742
9326 4656
32281 29893
5052 22354
28361 30379
21858 29336
22933 26802
12116 32499
26423 9203
23635 14830
21917 19198
8128 6198
19025 8828
19379 857
10553 23827
27976 9422
17280 24202
4921 25142
29396 14894
25266 28385
29906 28788
28256 5780
6846 12255
972 9609
8568 7460
25319 4536
17835 26253
5093 18773
26696 9883
20303 19098
22323 23023
11348 26822
3644 27754
2401 25190
1104 8596
25329 11475
22768 23610
3237 6396
30179 2396
151 13669
31016 12870
14572 4464
31535 31228
18344 17884
1353 2523
8390 26251
19548 12670
19081 16776
987 15839
26637 3912
23797 19390
21025 30768
1549 6471
12889 4952
15979 6895
21598 17039
21041 22431
8585 3999
4752 20500
31408 28370
7739 30086
25664 2740
3612 29575
14476 32027
23111 20783
21605 6501
2860 11638
29163 11265
2832 6881
9634 21297
11198 24161
12745 21773
13433 5496
9191 5836
3126 1949
28838 6463
21512 9954
484 7838
1500 980
27400 23943
27494 14498
14226 25924
347 3970
2039 5965
6881 26705
28843 23053
22852 8569
20351 26857
19434 2072
2861 25983
19593 4959
28977 3627
27543 28472
9691 15824
258 6699
23203 6357
13602 6786
16060 2925
5612 3755
24044 32028
3176 7391
24986 23927
18021 1537
26665 28203
26731 24521
26244 28224
7153 14881
18426 2719
19920 13263
16461 14290
12536 16981
1029 22796
22881 12565
23306 22633
837 7097
16754 5238
23181 26578
2712 18164
22153 447
14958 18649
32227 24785
2324 22424
9942 5805
17577 16290
1947 28145
1377 4141
11044 23578
26583 15412
7693 19109
16805 19647
26576 31604
1075 2148
9272 3188
16844 13326
20760 24189
2295 20733
9276 25465
2564 31758
32160 6089
15077 21053
18912 10980
27967 32360
26864 6977
2753 21590
27917 18808
27573 7415
17907 18084
31700 30701
11345 25099
8543 30284
24954 14849
6763 21150
5981 21513
17533 27179
5303 62
598 23415
27015 3057
13328 28171
18371 1940
30058 10104
21577 9174
5729 12698
1048 27152
512 30234
22976 21472
1912 4918
5911 1555
14707 3525
14126 13001
22438 25717
17539 26323
30373 26712
24440 18016
23036 32415
2308 31961
13435 12197
1449 25609
17105 10031
27814 9857
29789 2546
14189 24891
5696 17493
25943 2173
13495 13945
1943 5120
9896 24950
18797 13906
30586 31208
18588 9081
9002 939
21021 10969
22683 23266
22293 10328
13870 20030
11781 4287
13459 11901
29760 7523
13279 30512
9123 23302
24286 29890
12416 8184
22698 2998
17371 11649
26748 1328
26073 132
6083 1207
11381 5468
30323 2873
17013 8970
31136 11087
23196 4498
10315 21187
25378 12194
2684 19792
3425 27509
3729 25768
32209 4855
22741 16828
14390 24362
12628 29495
7192 20168
1006 15691
1396 5162
9899 5809
26033 6760
23118 30443
26837 26050
14637 22989
31481 21310
2111 7227
16891 31635
7799 5684
24434 15686
22096 5648
3815 12819
15786 8453
29762 5006
30676 7408
11906 21258
1514 18258
689 26810
26977 7577
13079 7702
21728 6818
22191 22400
24401 28027
17623 8488
27961 3437
26955 813
17476 20282
5204 24837
32037 24483
6973 26654
18332 18221
23815 20933
13528 23333
32606 31816
31744 16354
30667 8023
27917 24650
13610 8112
1498 32408
32095 17916
23934 16988
21317 23795
23001 26562
30951 31431
25453 29720
25075 31168
2927 5003
10859 25635
22558 1073
26014 22361
11092 12877
22871 8781
30555 27086
31060 8982
13825 16664
14073 10198
21999 8455
31046 22242
4662 3633
20743 25123
26667 5996
15690 2492
8053 3473
5142 12780
6244 26751
25434 4150
21637 32098
24100 13248
28019 27189
10771 27898
28143 23173
8463 22655
16691 2424
23351 4416
11396 9487
5403 19935
1799 30376
17964 27993
9173 29895
31601 14056
8785 8725
19067 20776
6330 23977
28826 13432
19708 2183
29265 7331
28620 9318
20232 15808
3571 20407
7425 16470
11242 17122
8589 18628
16296 13011
14720 3552
31928 15541
9698 17119
9870 16125
4327 22645
23835 17323
24353 22844
6047 24524
8437 25946
16831 11332
14412 4447
11991 15306
1674 11372
22417 12852
14020 12698
5559 24821
30766 26777
21061 3300
15570 31128
22979 16703
20616 30821
19153 21487
23586 10966
21252 32525
10471 3687
11760 13222
14403 24868
6790 2491
956 12746
15009 29068
31016 15145
4315 2583
1821 3788
4261 16603
19882 21212
29847 7905
18244 5954
20228 26365
32259 1548
2258 26962
8463 29458
17032 12308
3669 3801
19369 27026
9342 16567
9281 13171
28961 27704
15549 11071
3895 9665
26623 26658
18896 6771
13234 16877
22277 12114
6875 2398
16174 7079
18097 5537
17493 675
20911 19222
24042 20548
16615 32597
7351 23933
10137 24176
2839 8081
10500 13688
23907 26304
19580 17986
1710 28709
22461 2154
1458 20191
9087 31641
32265 28783
7755 28420
29089 16481
29068 25141
11882 12079
31977 25358
17489 8290
7122 3339
6002 1018
26969 3527
25225 7952
30276 21186
15786 18362
9568 17505
32051 6191
8728 12854
31998 23851
9541 21634
11227 17301
31816 1784
27453 2400
1623 8388
5939 13743
7188 3532
19098 7228
5476 3382
13202 12282
24958 14634
3118 26873
25922 15321
2928 16778
5069 21950
25204 3749
30026 6435
6635 14215
4106 32488
25547 4255
26584 14464
13637 23979
1926 25404
15608 16159
18636 204
2404 3782
20051 22787
29601 28587
25612 10458
8784 5434
14790 17080
14547 1443
11264 1008
1721 23423
3835 17291
19324 19126
12308 7753
25199 27808
337 17378
27378 5994
9018 10641
16616 17596
16618 17875
22891 19352
29285 14701
22462 29062
6444 2476
28290 5870
27407 20464
24877 709
8003 620
14777 4459
29108 14887
1689 19156
28828 6726
13553 9191
18517 15502
23302 28451
364 18213
1780 16520
25846 3992
26015 18613
31527 28450
21995 27470
22560 11308
15408 5280
11017 7440
10728 4744
17248 26658
11691 29840
144 1265
24414 14172
24518 25290
31911 16197
7168 22654
10659 26179
5223 16741
10716 8464
27870 27555
9589 32650
7387 15274
20136 3162
24693 10497
31603 20435
16319 30787
1933 31260
8277 22122
4767 30866
5428 14669
28337 31336
24783 10600
21218 10384
23903 22748
9821 5343
16250 11190
30600 9324
26343 5492
29567 31033
12721 28614
29120 7957
1402 11921
26664 32704
786 5433
23326 25169
6216 20768
7694 31189
25600 7530
30745 18233
8326 21508
266 21098
2082 4068
19084 32442
26605 17554
10651 32390
21730 28391
13369 10773
14136 17172
18274 15812
8176 31719
10561 17248
7338 12106
7076 10964
32188 19469
29358 22020
17029 9445
971 7160
8191 11444
233 1853
21908 18442
5094 21384
17459 22508
20036 28317
31650 25045
16676 111
12822 30971
20850 16009
23041 19667
7261 3756
18987 215
10 15546
11268 12679
7305 18386
9273 19118
24840 2749
27013 4838
31046 17289
15818 4190
12107 15987
32096 10971
5463 10251
14508 12029
3096 19090
3061 5828
31007 15015
10612 15186
16789 14115
18858 21491
23850 16449
30199 26202
5455 10754
24935 3118
17573 11727
17359 12741
10933 16224
27417 12847
10209 10462
30428 29814
30106 12868
29232 28196
11988 22539
16320 12038
15543 21766
3104 23088
31640 907
14945 12353
11303 22995
32483 3816
1258 1443
7275 2471
30698 27436
30581 32727
172 2865
29644 21485
3682 5223
20567 10235
24163 9249
30006 17274
23257 31276
26638 1606
20921 9208
23200 3306
6137 25337
1953 27166
27901 21069
20933 6542
12882 3999
22814 4061
19358 27467
31396 3050
15063 25539
28181 3410
19636 28721
30207 5174
26977 24158
22042 3646
23927 18386
988 5341
12075 25149
17736 24791
21446 12053
12807 5889
22869 20097
19129 21064
22689 31094
6797 3829
17249 26399
5903 23344
25263 8579
12866 28866
6585 3426
21231 7199
16569 10591
10044 5283
11303 18533
1408 10780
13356 19267
20310 27529
20571 7577
2801 11041
7068 31224
9903 919
21608 14661
6896 17053
11580 12638
24104 23719
327 26368
24371 19953
16742 5865
31209 3267
11603 23097
6643 28916
11546 27166
32733 13485
24268 18096
23659 29295
11382 17690
13873 17495
32340 18683
19806 26785
23875 11532
29145 3948
6517 7938
32655 13756
18792 29366
29963 12741
13593 12419
22599 21607
373 25327
24001 17397
12304 26510
1490 29754
18201 18212
9275 24510
13710 22794
1537 26181
18348 13779
10620 29849
16298 15662
15530 22921
26278 13070
21961 27698
10720 14345
6692 26493
6182 8446
18221 7913
21391 29179
20940 28811
19308 94
4087 6227
21116 58
8323 18576
25951 252
1337 11190
13645 7502
9005 13151
19208 25147
7499 22673
22031 12692
15667 12607
31765 9107
24135 32530
15537 11199
3841 7017
15703 1295
23691 25758
4487 10578
31881 4235
21316 22478
18745 2124
8136 28456
17343 12615
19574 7812
4282 18282
26640 12780
8987 11444
23594 32246
2359 20983
17119 11937
4123 7388
17602 32129
12575 28455
4887 4892
32190 13116
21060 6035
32164 4578
2178 13957
13065 13640
25816 6704
14654 15686
29258 8665
12677 18660
2894 22382
29222 14624
8575 26731
11199 4332
11669 9722
30940 5751
23445 20574
3015 6573
18245 12689
28322 1025
23779 19244
2482 5482
12822 7048
25598 29355
27429 15907
21017 26840
103 27461
1852 2582
30715 6883
15511 1954
26552 20163
25321 27925
21351 18401
4687 8422
15152 11026
11353 20016
28243 22759
25699 7093
30233 31956
8739 21540
11529 6033
29310 25495
22110 2241
31392 20064
18873 23506
8523 1285
1812 23588
25199 14729
18167 13421
252 6637
23278 7516
2804 5111
29242 24444
25540 1586
5831 11356
18644 566
30302 4845
1117 1065
19484 4907
17019 17286
32291 5375
15491 285
17295 18020
11926 30300
26284 9418
19318 18892
30566 13751
8857 11486
512 12980
11388 1768
7689 11367
28986 20843
27020 26877
32093 2455
17544 459
6388 23313
24735 1076
29926 26611
30994 6605
17029 21013
18157 31679
26982 27019
1407 13677
20337 9326
6925 31319
26420 17376
14792 4926
30844 19018
3323 9866
22311 9960
18057 24552
31796 14984
8343 15159
13596 6542
10118 30373
23909 12092
24612 28693
22132 9776
7715 29125
12707 14894
7882 12845
16531 22304
15338 2858
32708 10587
19220 11355
3938 804
32009 19659
11874 15219
20850 8145
27598 27127
29393 4405
605 9305
3768 3220
4679 8389
32313 21510
11607 24999
21149 10749
26946 20146
6744 21105
27703 24359
29245 12090
10167 14676
14063 31677
13735 27483
27288 27594
2980 8500
8925 12741
30870 31733
4881 12292
8328 28241
1704 22905
27319 16991
24559 1425
5608 11421
28411 15195
26367 4149
13535 14317
9678 22655
26403 13316
23595 3014
18289 11498
2885 31567
9104 13469
19256 13463
4503 3373
2270 6109
15450 4966
21992 14304
21545 15535
32558 26346
30650 11314
23876 5389
10595 9021
4942 25517
9356 20712
12309 4671
10085 17657
25946 10319
1236 2564
18794 200
4786 10967
22258 6768
18486 10005
7957 20914
8369 6944
25020 26528
5756 7996
45 31288
18991 8690
32224 20966
10772 16819
909 10315
11740 27070
6282 19517
31376 13892
1620 18191
714 25545
6764 26386
30500 19917
14948 21339
6897 16556
32313 3271
20779 8899
17635 61
30125 14548
30507 3635
22178 2475
27837 11124
25150 9474
10110 32544
23724 20899
22815 8692
12871 26316
26355 25291
14860 21719
24573 13413
31823 8474
6478 10344
20910 22797
25742 7076
28228 16554
5336 30619
11551 16410
17867 11585
12275 21645
6365 19712
9999 2154
23795 24575
21905 13992
21551 26276
9686 7547
3081 8280
25141 1076
31650 138
26093 30818
23636 29942
23131 26174
28814 24871
21617 4166
11487 29498
26211 10791
30544 13798
31139 6880
28919 953
1296 10789
32201 16292
29547 7425
32432 30394
19978 1472
29150 20277
32720 19212
28000 26810
17500 10838
10230 4574
6017 14712
1058 30440
14582 11160
20863 11736
6223 23887
14420 17321
15660 27658
873 11988
32689 23729
15385 19221
9526 5511
19625 17009
13631 12114
7384 1912
6830 25019
23735 17608
25911 3831
29115 26066
16149 12967
14865 7393
27387 14333
6705 2648
24142 31521
2230 26938
19345 31187
3181 25840
12577 30545
24748 31815
16418 6011
13285 5561
12217 13621
13434 10477
20603 30733
24531 8577
29734 27934
18351 24326
32143 10035
16823 30284
11484 10800
13657 6112
31731 9646
31699 16340
7987 17126
1678 4798
32353 2512
16302 3075
14821 8588
22759 24918
4150 28672
31890 16251
14227 23747
5376 17489
32756 15161
7694 23055
20800 8192
13561 22478
22976 9611
23156 2888
212 25613
6904 4063
29156 8345
4444 5857
21402 30599
30629 1290
32590 1561
14879 2378
19650 22367
16557 4297
17936 6231
25181 15401
22496 22361
14143 14859
20958 21170
15480 10964
19308 6800
32402 29105
16531 2590
15894 5848
31552 23535
16989 7953
7341 23968
20131 31861
23325 1721
27997 31862
18380 30421
1484 22304
12582 7939
28627 17311
30007 6763
31238 13824
22627 31285
5635 10812
13399 2214
7941 8306
4927 18316
28342 11892
2873 11741
13381 19077
28170 26779
16825 13153
8465 8954
17285 6526
12665 6597
5724 28050
30898 32254
12102 30805
25889 27333
18932 8072
15126 29306
20816 31798
25087 1830
13913 9786
4572 16919
10542 22785
29939 20171
26728 21905
4549 32016
6829 9674
4416 15976
26243 9452
13622 4786
15457 29018
4878 10247
1804 11166
26298 12771
13857 9900
4585 15237
22253 28011
7037 31128
12165 16753
17215 24338
4115 30478
32209 31069
20079 21133
27877 22453
8175 19126
10157 465
17791 21656
26514 16837
15860 7301
27945 17703
29341 20573
12643 22896
4635 24336
14084 18342
3443 20830
4182 4920
27490 8161
27934 8234
26097 10830
17615 1137
1608 13304
28926 2209
12999 2453
19478 7109
25427 13381
10317 16014
28654 24016
13014 10673
11659 18991
5976 13194
19744 2639
30624 14597
12540 19473
2963 3518
11355 27541
32102 14183
24888 10680
22033 30827
12386 11227
3584 28112
28626 10471
5644 17506
23356 26509
27819 18702
29412 29139
4963 22668
15539 8652
30853 29249
7050 27558
10519 29283
12502 2283
24338 14174
31845 26880
16334 13942
11896 2802
24250 17326
24601 9329
22608 4329
9646 14877
6472 10320
12239 3329
9740 26099
28245 349
30317 13491
27059 25257
14740 4703
18058 10454
5691 7965
10103 8919
15133 15372
24880 10848
21418 32039
13519 17646
13568 29293
1133 22023
22295 3135
13811 18115
28219 7945
14381 18059
14528 18980
24096 2337
21745 17915
1182 9696
13129 23917
13847 31814
30950 5747
16562 16815
26170 19971
29340 7267
5636 19252
28832 28627
10366 3490
23289 15904
11992 23316
13412 17117
27366 20572
16249 11030
14102 31103
17978 3729
10916 13590
32749 3667
19985 26356
2343 15462
29649 15881
8746 12506
2372 4486
10096 28682
29671 6466
30856 1569
20172 1373
16673 31708
7239 14627
22629 2193
16363 11571
10888 9584
21684 15584
24736 26121
13190 25303
15031 14862
15830 10498
20510 31834
16551 20397
10757 29491
953 28648
27721 9676
22781 7468
141 11022
16459 19009
30604 21912
29527 30046
5293 24837
28130 24467
14297 1133
17965 21348
6537 3630
27059 16055
3363 27884
4631 9200
15750 18902
1628 9818
6115 6187
31828 13769
22736 15869
11867 7549
28567 14902
31045 31306
11220 27608
5780 23542
26943 24201
18158 5603
11718 16462
207 749
28127 25751
30588 16534
27420 30844
3640 9569
24831 19526
3001 30331
29713 22065
8669 8352
5934 21104
7578 30781
23331 9330
21299 17618
23675 23908
6834 7067
17301 3063
28818 19823
2810 14691
3772 27624
32750 14252
4533 10692
12613 9507
32277 6795
16504 18737
14907 5490
18680 11856
20543 16256
20930 7514
3112 239
32052 24070
19039 27093
27423 24751
2660 18948
285 13656
6592 46
3365 29678
27451 17485
30300 31180
28238 28993
28718 8325
31451 4539
25502 20957
9500 13403
730 7448
3546 19221
15123 12664
735 6617
30859 25089
941 30835
28912 5759
32368 27568
26600 19914
22834 22978
8685 5449
6990 24037
31067 6581
19239 32579
18887 13599
21529 20245
9619 7733
2224 12812
2495 7361
5400 22767
1026 26482
30165 11397
32538 3807
18100 12469
10592 6601
32258 8940
10655 13984
26619 22463
5670 9801
30341 7122
25116 17439
14623 7160
13588 20280
4372 6299
24801 22761
30196 26719
27052 31884
24132 3586
21572 17536
8309 25991
11956 24690
24595 11411
1819 4315
23359 27159
17592 27594
11359 31023
5957 24292
21524 15178
28806 4777
8045 13708
15393 4857
15962 7536
18864 24790
7779 6322
7445 20843
23961 13420
6413 24141
27085 22399
14345 19202
8193 13364
18233 17344
28 32035
22505 22902
18658 24916
23312 32529
4130 5029
6950 27640
11057 24939
2103 2008
31640 7260
2614 17319
29706 23469
19859 995
27033 22647
15887 27
1321 26975
9168 15281
26916 24950
5808 31710
24431 22110
15323 24310
9117 4527
409 30958
7523 12696
19816 6427
8012 15562
20558 7484
32174 11665
30061 30139
4573 14404
7896 16176
32158 20704
9381 5415
17119 13296
19012 547
933 30384
7695 12515
32325 25201
30497 17123
6615 7999
1388 28710
5864 29122
10246 21555
14447 4194
32196 3166
30978 21422
25610 2888
8266 17919
22497 17833
19637 22104
27978 7245
17770 12945
20691 10077
10370 3253
1895 18144
18805 20392
24682 7297
21458 1805
19974 21139
1588 32358
6079 21586
6513 23421
6990 23404
10260 14340
4012 30400
10766 32376
32365 28261
22696 3659
26447 10478
3772 27457
16915 30188
31013 31771
21131 25013
11124 7283
757 30308
27876 1511
14471 3617
20881 21625
22091 6819
29668 10806
25133 1522
25170 13846
83 4210
5446 8740
14508 20509
347 11486
15052 13584
6607 29151
5111 14153
22325 9659
2939 4527
5737 18731
6467 11858
25545 5994
10922 10229
1698 13278
10637 1226
24809 23291
31140 3708
30508 6757
24594 27506
13511 21588
2362 23891
16475 4669
8405 18629
29820 27311
12353 27259
20650 32379
14108 23918
30339 20759
12818 22122
1846 68
1011 14541
30011 7919
29961 26764
7746 14165
15528 32118
16745 14443
18694 15293
9649 21117
14669 30130
1203 1813
15855 15056
3471 28702
21306 30716
5158 585
2604 27915
16521 20144
21384 7045
21168 1978
297 4776
20080 19774
29079 15536
9127 1003
6616 4438
9914 15335
24969 20887
27969 27318
1325 12470
25344 31838
29380 3716
11034 32712
21664 9951
8577 29290
15988 23161
4273 28451
12462 29915
28574 17510
26118 5033
15338 13723
8023 4903
17500 27586
25006 9212
30606 22874
23201 28214
2789 5505
24291 25999
3526 29276
14101 13038
15623 21177
11998 22321
10916 755
6717 27434
3508 6422
17694 8423
20123 8260
300 27191
9088 4952
17895 26729
20738 27336
5878 2391
25382 16848
9406 30116
29332 22221
23347 13377
18948 27367
21230 10038
32755 17650
22657 17823
22682 23446
32263 14068
1056 27310
27391 13198
3343 30703
24154 20071
2821 2762
5842 3106
28076 7059
5502 27467
29675 32226
28323 16863
9054 19002
7374 5135
21508 2792
2591 18497
9272 12334
17384 23640
26851 4001
3191 53
28143 29392
16175 14717
6911 31014
15070 29853
20573 20754
17994 9996
4147 3172
8973 26320
18431 5115
17059 6980
20033 32413
20930 11032
26742 20262
3561 19353
27978 24037
6460 21811
22282 28995
16527 16692
23128 18853
26561 13522
21794 9364
4171 15728
10709 31516
11800 8733
23245 32625
16024 28254
31249 7641
22032 6701
16701 1221
5940 29505
26047 30785
18679 11152
32070 29839
32418 12563
1656 25615
1571 13001
27108 27747
4264 30462
1847 5839
18797 26317
8882 22502
20178 29412
18139 14947
16817 13703
28275 12629
24302 30168
2729 21887
22352 28757
14733 4606
22927 2210
16583 1068
686 18569
8329 4805
10378 20543
21186 72
12980 7144
2709 31904
30076 16990
2057 31236
17230 4398
21506 18716
10306 10724
30832 16485
1006 1161
2246 29398
30079 31593
3758 14788
19976 17434
12026 5635
32025 31161
6878 11342
11156 7287
8541 24808
30908 10836
29954 22148
3471 13611
31184 21603
31318 6639
12155 22460
4730 15668
3033 21600
15001 28913
22931 26782
23769 26500
28448 2148
30588 22518
20980 25512
31157 14209
6644 3078
25274 11343
10542 7595
22299 7557
3015 28529
8274 1152
5172 3659
19099 25438
1965 2020
21766 1217
28383 18563
10186 26831
24290 4146
17628 894
20074 17183
26304 12302
19265 6466
416 32215
9205 28992
23195 14916
22990 19088
10591 23584
28418 10972
30714 13328
25900 29354
13549 1633
32763 25915
11138 29188
8231 26547
22112 18647
19114 15227
16477 15655
12332 14308
26515 2162
18623 18189
22198 28529
22476 10758
26789 18261
27725 18485
27198 24658
12605 3577
3703 31066
8781 7822
26794 8491
30937 23857
24881 10379
25882 4484
22579 2514
26525 11059
27325 27050
24308 26840
3605 5395
7595 26140
30027 8362
7294 21791
29968 3370
7368 26395
22987 5427
20287 10308
25578 2122
21215 21234
24182 22306
8228 24065
1003 13593
13436 19064
9542 29446
4604 29802
18271 30514
26450 27418
10873 30372
29691 5218
28696 21410
31926 8022
21267 17780
25656 2596
9705 11627
15393 16191
2904 15650
25135 3516
7468 20996
32177 252
30038 10766
28991 23435
19773 21974
5289 14664
10073 3021
19245 7366
14077 16577
18925 27635
31348 10662
8864 8183
15184 2709
26247 11359
26879 30485
30114 24955
415 26522
20005 19972
32019 18507
28710 25602
28247 25864
10648 25837
20240 22188
24188 22803
10600 21903
8534 5689
5144 5456
12254 6533
13510 3537
10233 14492
15506 21890
2279 28167
4844 28899
21694 17627
8872 15172
26135 10137
32084 19663
19975 5715
18633 457
20049 2064
11008 1813
17369 31602
10279 4090
5468 31382
9972 6438
31327 5692
3898 23794
11877 7208
14010 23783
25701 3272
4155 9345
3707 5142
20701 10548
19934 2496
32682 27565
7954 15494
9070 15962
5727 3300
712 21804
16513 6898
10882 668
31649 2952
11806 17900
23684 10405
22193 3759
29699 24850
13301 22923
2235 27458
17305 2622
6405 3965
8923 9951
14633 23870
32345 22630
8654 20441
13348 21615
693 9824
23575 5179
28071 29384
10855 31992
28076 9288
24698 23874
7806 4354
16381 25577
22589 17125
13361 29685
17252 3026
9605 31207
26876 9469
11114 9794
4880 23959
4195 12618
4448 7338
23643 3084
13913 14916
22844 8862
8261 29655
17853 5032
8896 32736
10876 291
25707 1223
1356 24161
1252 30470
16080 24398
24309 8846
7753 27893
15115 25446
12204 17222
1514 20886
20472 7190
24480 25667
21446 2919
5815 20507
31777 28906
25519 9460
11673 8898
30892 28335
7571 13707
14699 23907
27107 1435
12154 14520
20125 25991
3753 8848
28199 5609
23996 27885
24467 27233
5986 1807
30508 16346
22379 17884
32079 10255
26677 2949
18301 28237
17511 4711
26541 22906
24802 24367
26087 20310
21237 7746
14350 15617
9936 28764
27646 26814
31292 27254
14295 4342
12169 19694
25751 31872
19655 13794
18159 24607
23353 21212
14927 15692
23302 21941
21060 7734
7986 12467
13827 21256
9677 24053
23110 5226
16490 13841
3414 12106
8403 6651
2409 7644
7675 29737
303 12767
17716 21748
23208 13347
2978 11842
3128 7496
13296 29282
20477 19400
15425 6711
8544 23352
26730 22169
14570 202
15454 28920
31322 4375
31465 8002
2292 4891
31906 20231
30235 1153
29467 11228
15906 13089
27738 25853
1888 20424
10893 30262
22402 7735
9209 30723
13093 26222
16180 15094
23461 2858
8084 12889
7983 27052
5607 29205
28446 26300
2404 17362
12420 19694
27874 5984
31494 24612
5192 21077
14830 19028
32325 17144
25467 17803
26177 14942
14971 10034
12947 4563
19996 12433
4852 8060
11264 18577
25395 24122
30863 710
9771 19664
24977 6060
11507 18505
7932 12849
15956 26004
30218 13940
21120 3698
29327 26061
14080 26002
19082 1037
12015 13817
8186 25095
25446 29096
5363 29007
14391 889
26096 17729
22750 30795
32363 9541
4532 17246
15275 5202
18790 8704
20958 29105
11942 25194
1895 5892
28192 4581
14969 6022
1200 22065
25829 1172
466 30246
4656 23405
20058 21916
31721 54
19301 26761
16441 27201
23951 24937
26300 25998
14438 7907
10127 3474
32287 7337
10411 25912
1928 27552
9585 12326
26686 30017
13445 28993
800 3647
8160 12915
17155 7273
801 31148
19368 21459
9252 3878
14059 20272
14806 30958
12860 1923
5448 20384
4179 28407
24834 20593
8992 13066
27289 20595
29185 27121
10884 29973
8248 12088
32299 21993
6044 29610
18497 27563
19342 1136
27476 28798
10287 3453
21154 5496
465 6953
32047 12641
6315 24347
16148 19640
1232 15469
11546 12023
7778 24331
26247 20761
13826 25180
12600 22872
12684 19237
7152 1083
24833 22698
6896 7888
8133 28950
21192 30262
5643 11548
1388 24671
11917 18143
21898 16916
5248 28687
21531 13882
19911 21333
3129 14931
17767 17650
304 1096
23099 26275
21207 25957
17897 17095
31777 24229
28692 8899
24559 18992
467 9382
6184 15906
19810 21513
15116 3214
24088 19002
2757 1219
17561 6553
17215 22989
29517 2113
31290 21055
16145 24043
17822 9520
22572 18704
7182 10372
20356 8014
9151 13421
31762 32013
25483 24624
21651 2146
2625 31789
4480 23348
16448 27930
11073 22685
14148 19599
2206 29074
27775 29383
29046 7367
20716 19877
6579 1485
19424 10485
22653 14205
19426 19445
24494 17818
22972 4115
1926 14770
25042 21753
673 18245
10163 30151
3621 2858
6126 9119
29248 23085
27687 18791
26322 25341
21865 23754
12390 10054
8382 16512
2407 4122
2557 7120
11153 8597
12516 19283
3493 4545
25702 20218
10593 18103
14406 22866
23983 7
6373 25607
16669 12122
20825 28072
30861 17494
14270 17577
26157 28610
29649 942
17578 8683
5051 8967
673 18502
25386 17270
29271 3670
14502 5689
8617 9680
11555 1604
28230 23038
29138 1743
10779 29281
14397 11024
25615 10394
24723 27466
10481 13707
25152 15110
20654 14777
8897 21664
11208 1268
11959 24070
9475 315
2362 19133
11106 17626
1391 7973
30801 4053
24157 30973
1572 14473
252 297
19136 19345
15503 10931
2712 25319
19764 25361
22492 30795
29882 6054
4588 14057
5554 13451
30995 4150
1225 142
10866 6171
1109 31355
6202 27733
7725 7067
21023 11036
20414 9083
12809 15618
15451 20718
16652 30239
22997 11349
26778 21099
19276 18206
17399 20843
24132 5259
9710 13584
24059 16309
9923 10204
12539 8912
20072 3654
29931 17328
12019 1888
3242 31116
848 24759
21663 8195
9779 378
29002 31580
30033 4319
27679 12818
29904 23491
4757 32656
18172 15761
19322 1081
19515 4196
22153 22187
32579 26736
10814 14917
24970 7838
25577 7911
3070 28278
32258 19960
14327 11074
16572 26798
21610 20592
8412 7049
31583 28985
204 11041
23461 19328
2027 15906
27332 509
1064 2197
29491 16794
2511 15457
21195 22045
17826 25361
32124 29192
13612 1239
6207 11709
14674 16593
16459 486
14123 14988
21132 16660
15122 199
18257 21670
20985 20857
30277 16621
3328 24341
22176 13454
25414 31500
3998 10023
26110 18835
27953 19253
31430 25256
3314 22325
4149 1103
22366 27145
179 14882
6463 3742
6030 7688
20840 8908
27722 5701
1701 9597
2104 13491
14834 12306
2634 6990
18667 7938
15653 2550
21636 11716
21368 31089
32762 2544
16012 26544
7178 8609
21277 14675
4704 12573
12393 21615
9554 21432
7558 22670
22478 7157
20728 6135
4497 30447
22147 13872
21402 24311
1854 4034
4319 8575
18409 20284
32574 15415
384 21370
29878 5493
2064 19239
9431 5082
25546 10625
21111 22835
12374 22620
18855 9373
1642 19306
13798 8173
9114 22713
10388 7246
17522 31357
25513 556
25794 24080
15526 30801
23097 25655
11212 1614
32053 30375
23436 13853
21466 22216
19520 30980
29538 18872
24600 21436
2995 17811
25431 5587
20791 1010
25791 8271
14568 7601
29257 32660
15018 5110
3610 23688
3550 27246
28595 2292
5172 14042
25960 11054
26304 18891
27155 19701
14673 21673
17161 20892
2046 12538
14925 5995
17153 11489
18692 18498
27849 229
17961 7551
24138 21236
28034 6946
9624 27304
21203 1583
12980 31433
5457 6740
18085 9234
26457 17100
22731 5432
15970 23171
26225 27688
16177 14203
24737 15504
14924 1390
11324 24482
19632 13237
26698 28949
30918 31336
28302 7532
19348 15047
16989 9594
25136 16088
25009 15142
25467 7250
11386 7020
16907 16058
22068 2468
23145 23756
5566 4103
16765 23836
1898 10607
22342 28157
30033 14430
29135 21666
31209 28482
13406 14211
12505 3575
26350 26626
27147 6286
25055 28495
4867 27469
25069 25225
19056 20470
22623 16934
20993 30797
2944 26772
21114 468
6995 19488
9735 26329
16003 6168
7376 178
19353 24876
28621 32584
25201 31002
21980 31186
18927 9611
28433 31971
21998 15927
31309 14759
27001 30288
2322 14953
26942 21790
9621 16473
12863 8679
7957 11917
26827 18193
28780 9797
13229 28810
29924 14451
14243 26984
24395 20603
26386 31949
10058 15415
31223 24078
24818 30014
8737 23572
12952 3942
20382 25602
23779 28807
6515 5911
2339 13698
7824 30679
20964 26754
29442 29285
14788 27778
28011 17460
1153 16912
26799 1758
9814 2384
19953 25172
15752 25923
31422 10808
19004 9289
22407 27271
6283 20965
12885 10107
4312 5569
12728 21680
25185 1010
29696 18309
15381 17020
11952 10437
1958 10265
25136 10631
23262 14390
30146 32594
4918 8255
20407 27525
20389 6684
15843 20982
15542 22524
16974 8922
26333 23889
6188 7141
1803 26907
1296 9394
32128 21866
19036 19044
28385 4126
19196 7822
14218 4338
14676 32080
10533 28857
24950 32451
18043 1511
25497 6039
29067 10834
29383 11515
16345 3642
27605 8125
26889 15495
22680 4787
940 13395
13142 28761
1114 15272
32379 29627
13057 20363
1165 14486
2684 21817
21602 5818
13928 28848
19857 19634
9011 9329
20774 15783
21621 7813
27290 18050
30084 22206
1282 28241
22595 25151
134 30188
22074 8254
15381 2776
18412 9225
26455 8555
1636 71
12515 14897
11026 22401
9395 5775
469 21985
20180 8358
24921 30777
30306 2682
23971 17478
1204 26708
2282 22071
27860 19045
13993 26473
10034 6571
29938 12917
5529 15385
12293 22636
25441 17394
13345 11105
13799 11894
410 552
16698 30144
10028 31070
5399 31215
5775 17833
13848 1412
10059 31553
22312 28939
15310 28336
18234 10750
15548 4822
26427 8422
24198 30767
15428 25283
25918 20825
29205 25006
23210 8400
25023 12477
27287 29693
28832 14119
22895 20335
23444 7848
18702 12392
17002 295
16338 18331
1941 6551
9713 20788
22564 31771
11536 11801
28661 6509
22033 8815
28197 4480
2348 23905
19914 6500
29761 11804
22245 30827
9068 2590
7058 24714
2011 18609
21890 9729
24796 14258
14251 6718
15162 28055
2110 3583
31434 31921
5850 16056
8769 27565
25343 13108
19784 5985
1733 19326
4307 25030
14798 2050
13742 21056
121 19440
344 2854
23384 7905
277 14462
2789 12733
2879 23560
15216 10972
27357 6783
11612 32107
26999 28187
11659 20498
11048 25178
29207 14035
4340 15616
12099 17462
5468 14428
30897 13731
22320 13006
17109 16143
18085 30598
6313 14811
10407 1166
22946 15096
25712 29195
5091 21584
20314 24256
20146 1377
27377 1491
22824 7979
18765 25044
28972 8013
2975 251
22178 18027
12041 28337
7903 28114
7091 22098
23648 24671
10779 17202
28348 15005
4780 8670
3800 5677
31635 26276
27482 1131
6350 32085
26976 7246
4741 26185
23921 8080
9630 9380
20660 31503
12940 25048
9823 9844
11879 27243
13683 10002
10818 26619
10919 14865
25785 31871
18081 27083
6601 8911
19564 4726
1253 30823
13351 6660
18757 21607
30202 24391
13442 20447
335 9305
3936 9034
13374 30779
28906 32088
26440 25532
18373 14065
24905 23964
3518 2166
18344 18930
22949 9290
24273 2251
17246 23185
12005 22548
20021 10807
24751 3258
19826 25396
26331 26383
30509 15887
18274 1648
6500 3233
6473 16421
9547 26652
2699 23944
1251 76
596 1385
28366 28700
13167 21682
11362 15195
13058 27207
1532 22976
26489 27184
18839 29484
25536 15354
8093 12592
693 2138
8700 18895
22237 14868
27005 10117
16981 1563
1362 21128
19212 16122
4333 32589
32560 30578
23577 26190
32230 14437
22851 18699
30782 19955
17944 18510
15974 28642
16982 28596
11550 18755
18651 6761
3947 9042
16131 5427
18576 14239
3632 8626
23098 28011
31658 16102
6907 1621
12970 23281
12537 32310
13489 21022
9448 8777
9246 24355
8501 9103
7424 24739
12676 10353
4137 6135
5725 8616
21636 17710
290 26202
25256 17490
19525 23429
28332 4077
951 10913
21565 19660
20900 19329
2287 17155
9053 25979
2257 26674
6806 19400
28996 24326
7889 6445
15885 4098
8986 11995
23720 16255
29685 6805
2527 17649
8597 10256
11676 18285
23118 8607
10492 9064
18765 1040
19108 24002
19847 10704
23896 18435
7407 12630
1226 14820
10220 8895
23727 1041
20746 6326
3608 45
19696 28823
20224 25110
16018 17876
33 11883
25511 15511
23821 31308
25950 24489
29305 22625
8524 5522
20188 5918
32425 28930
8505 13381
9149 24687
14904 10668
8085 256
9084 30528
23546 6314
16689 3658
27556 31641
12772 497
2218 24785
24728 8448
22333 27157
32022 23786
16534 25351
20100 8716
31277 31634
5177 1329
3372 389
26832 27227
29219 23936
23419 2241
5373 22292
13210 28692
21811 25638
4749 29446
22079 1940
26566 6925
13396 796
27426 2404
29004 24697
4473 26964
11746 5582
12148 22449
801 18760
16030 25511
4124 30719
30910 3255
4064 1054
15717 25084
2983 28228
30147 9907
32078 15914
27326 8186
30217 24197
16710 28632
7510 28718
4322 8574
7215 22656
18575 19148
18564 3841
21963 26391
9448 28229
16877 20266
2187 3088
14775 29322
872 23739
13102 13823
21183 9689
9641 6991
31174 1050
2089 5709
21148 2159
2536 13074
11134 12398
14645 29067
17469 15865
3198 31284
16367 12826
431 4130
24293 28466
18363 25671
5342 18003
9847 11762
20346 29674
6319 11413
242 20385
19572 30411
17157 13187
32179 15001
9782 24161
24332 21236
308 21877
1248 22148
21658 2374
1708 936
5848 16843
19094 11706
31857 5587
12102 3988
4200 29093
2039 10067
12532 28899
7886 32603
17531 4020
12650 2203
15038 30497
7100 27154
11858 26816
9497 27025
14927 3472
9101 20931
22604 11301
26995 31084
23178 2565
12610 20462
22127 31825
31658 4881
4918 27560
5088 4611
20710 20296
11830 8606
31616 25462
21742 9706
7805 7969
5968 21731
11383 11458
12026 5756
28455 27270
3960 9699
13199 13743
5140 22535
1656 1335
16367 11096
5407 6071
17489 1229
1580 14472
16702 15916
24291 24616
29770 27014
18590 13279
18862 28160
19067 10402
922 25050
19282 19767
27597 17833
28650 32666
17252 1255
10604 4512
25839 24494
2071 8410
19658 8641
9782 9660
31659 19148
16207 32254
26487 3053
18334 30275
28250 15986
6081 5881
22 14309
181 14464
29083 8006
23553 8846
11993 10135
27697 15058
16082 21406
8582 1751
19955 9958
5868 1324
12964 26631
23340 8642
8222 22567
23139 18837
31612 961
31667 24974
1813 4261
18232 9384
22538 11584
10302 11603
18971 1310
8113 11798
26047 24237
31444 7543
27763 17988
25142 22815
32594 27235
21731 1082
5094 3389
25559 9501
11070 12147
16824 17963
32576 22563
31428 7673
6721 7713
26888 688
3283 22148
14546 11443
13790 3173
4458 3202
20723 9699
13821 14303
16092 23146
13018 12847
15480 24118
27361 5154
31686 26386
6455 22166
21311 28262
6975 17593
30569 21616
5830 22894
29353 18642
20606 3059
20312 7245
18094 20416
10266 24524
25639 19378
4715 29860
24442 3176
6011 29210
6760 13806
12092 1062
5530 30872
29113 10102
19603 19761
29353 26294
3554 15445
31556 32015
9116 13596
5717 493
24585 14073
8849 518
25246 21217
24359 10648
10539 18351
9880 25585
16726 15815
19401 5173
11848 26105
19799 19292
22182 32681
21290 8058
3779 2605
10829 2115
4884 9591
13052 25806
1764 26100
29951 3737
19272 8115
20023 7630
16982 27850
28535 17092
21138 29430
7061 22729
16041 11393
23744 5663
9570 14441
9235 32068
15825 30142
1899 29558
9166 28236
4470 8311
18597 21626
22541 31630
23567 6258
19652 10702
16737 22658
31679 4506
25860 12482
11463 18281
1573 11768
6812 14279
18605 26552
13453 12957
9076 1488
7751 15281
32433 13539
25067 17520
5814 20051
2147 13036
30426 14180
3061 23073
8374 15263
22808 18300
13204 26229
20871 2462
10276 8229
1429 21597
29809 4576
6080 9739
11284 5418
32392 20987
28839 12931
6274 5186
18045 29511
18088 4795
8592 2771
243 28494
16059 6889
6444 20337
7466 5974
8191 31982
11278 3281
8273 999
149 20263
9427 29208
10265 21141
15319 7005
27288 13429
28003 1908
4452 14110
22404 27907
1563 13573
25829 24029
24026 20264
20896 2177
9390 23212
29268 13028
32075 20932
29048 21104
26881 19414
30447 25932
19435 16601
28124 28894
362 7170
23735 18830
5329 24991
929 1997
29282 27715
13556 20054
9338 1315
7199 17844
28936 23488
26289 28933
27459 8390
947 16381
19869 18484
27963 558
12274 14014
12350 8070
28166 24176
9894 14873
21038 3731
6052 7456
22605 31444
12872 7490
7426 15779
5711 19987
19744 23002
24380 12507
10591 32671
26026 16536
29265 6283
10976 32582
20631 24332
8870 26717
3412 1287
20311 27804
12002 11714
25656 23301
19908 16130
25096 23337
13788 19824
25048 23717
10206 10305
541 8173
20229 18454
10756 15432
16133 9505
5893 18204
3648 14474
26811 108
24636 11537
7923 10399
29781 756
15875 25475
3247 11027
3421 19601
16751 23890
9315 8307
5163 11839
14717 8131
22430 10229
26473 3862
16289 27200
23763 30777
11607 5633
10790 4282
2983 2004
8609 27050
20463 9713
32173 19618
29430 17744
16750 27140
30243 27153
1944 15491
18669 26394
13188 17894
8851 8450
14467 2312
9229 30766
27506 25892
22082 7737
4750 13903
22651 23193
10122 24390
21272 640
32735 8298
642 10241
20324 24585
28256 17524
14622 18399
8462 25115
25177 23517
29514 2310
15351 28201
16433 29491
30217 5221
5483 19450
20892 564
13218 32424
17621 27898
29496 22635
9537 23780
24889 366
19558 3881
10382 4420
27294 19855
7028 17034
31781 24368
28973 2504
5232 30334
3061 5017
29632 16517
23352 28172
6904 31088
11778 24905
20907 10831
2487 15224
21114 29719
22788 5086
4509 3050
1813 18761
20927 19609
23305 16303
31503 360
10147 8466
26772 19985
9026 9638
8128 22539
31763 10038
9801 5387
31877 964
27188 25292
21501 4976
28723 19468
22476 13723
15408 7895
20574 14667
10282 14343
9907 9425
7488 10252
1555 8362
25355 5353
17918 2468
31025 32127
12387 28225
12087 16910
30738 31584
28311 5625
29554 7194
27411 16073
28535 20715
11592 17525
11983 530
11142 30433
26972 20794
25823 27812
24551 11865
12926 24334
22547 13273
17211 1898
5263 3574
30060 24960
7568 29031
765 30558
28031 25920
13251 6744
21998 25623
2573 11598
12497 6245
7548 25645
12779 14384
6165 7352
27782 17383
2453 13449
24935 11406
1284 82
10497 9498
15501 18537
3561 8991
3981 28292
11146 21160
16106 8385
25882 358
15270 15849
18637 17678
17332 20213
13128 24828
16650 14801
18264 12060
7927 4449
3556 4106
2487 9922
21024 9848
19525 16338
3588 25041
16496 5874
31485 7195
1329 2058
6882 20258
28476 3790
19753 9427
26581 31296
17499 26342
11749 31094
28613 4544
11597 26014
11633 3735
24698 27967
22612 22743
28729 1218
1737 4804
1485 16432
3390 19809
832 31293
6445 1937
5622 27782
30799 10365
22408 7447
24588 31029
28879 17712
18741 24986
29502 5449
13301 27771
23669 31315
26629 22270
30740 18497
1312 12098
5069 28103
30647 17986
14782 5473
9701 30973
25853 22424
26789 5332
25716 25217
9539 23347
24559 14982
6928 26739
13171 30824
14682 511
5330 10373
4507 4022
14204 12119
14833 17553
25240 22334
13262 14982
11603 27519
10993 1452
21880 1164
8341 671
25666 27014
22248 25638
5486 11008
4286 17427
13459 23302
31111 15211
25782 1629
18814 17863
1561 21261
31268 29690
11861 26653
7917 12788
26280 670
13881 9191
9360 23531
1669 24232
12441 17710
23523 32599
28531 7206
14759 26178
16711 32040
21604 6407
27467 22116
26647 4089
16277 16490
16033 29381
30509 16365
31355 2134
29285 21702
31141 24053
21357 31291
25823 27061
10018 31874
16156 11278
4135 18305
2356 5320
10295 4824
19929 12058
3001 3873
10700 22804
17301 30838
9296 2618
327 12852
27616 28018
24882 20479
19229 21024
10038 12295
27146 14479
10628 2697
12155 32147
23985 6808
22219 26988
15370 17437
3534 9710
27944 23325
12038 24543
30148 28730
27674 6049
21708 18045
31875 25872
18357 22098
9353 12974
10516 468
10350 13310
7528 24139
32745 6957
570 14067
24022 20983
21353 11520
24619 14793
31423 6366
31790 14115
15815 4285
31461 3137
15843 14413
6606 18170
16025 15814
9169 17896
9774 10284
5747 6345
27766 23249
10060 16421
27626 29211
15803 4146
18683 23943
13528 15092
25510 23278
31146 17832
1865 14088
22939 28003
19637 30510
5416 16119
25220 20580
2781 26134
12205 3990
3713 30650
1109 22306
16526 15299
19688 21911
31204 14818
31593 22972
8125 3511
6918 26581
29668 17974
16880 13345
13602 21583
21865 9895
9209 19662
21535 19507
16277 384
6840 22683
20224 13719
22190 7750
2709 29007
7005 7919
31159 14546
19802 6567
22723 10841
22535 14873
6978 18325
24932 19730
24164 28237
28712 7745
24490 17480
14353 25403
19426 6765
120 22465
31320 2857
22824 28486
26699 22545
4464 16300
2206 19145
9591 2383
15312 7460
5584 68
1070 11404
23886 15075
19015 31909
31002 27010
17825 19757
14082 15236
23978 18215
15892 5523
5873 1336
1388 32041
24726 31569
11594 23893
22016 398
28264 2236
18637 1630
5002 7390
9999 11237
12630 10906
4533 21662
4198 18420
14151 25413
32156 28439
18135 12788
29877 20118
3892 1164
22817 28407
7776 31318
12562 20850
30020 17130
5844 27638
9123 6736
21596 9837
24653 20582
23843 15681
29077 24449
6709 11551
31236 22103
15492 3067
32079 6429
2435 29524
12679 15852
22000 24505
28816 2153
8945 10636
24020 18597
4451 31494
5176 8514
8047 26491
28752 30936
25694 2015
19150 6806
16046 16522
14145 18989
10341 5176
6908 20201
9637 10324
12371 14881
385 24182
18958 27858
19727 10026
27415 8327
21694 29171
1654 30588
32746 24207
31615 22530
20142 4989
8778 5925
27130 23997
31844 13965
31205 32215
24004 14754
13892 17950
8705 22004
25979 28214
16834 729
15763 16340
23669 11352
23437 197
2628 3397
17654 15922
2628 29870
10172 23842
8432 31350
19520 5184
15063 26432
28076 13023
10129 21390
27783 22843
247 16938
3975 1537
4756 14790
18086 7442
21846 8671
9335 19332
21385 26343
443 27882
2310 10658
32560 21974
5032 32209
22953 10140
18432 31758
17507 4440
32330 10999
15767 8754
11167 910
4428 4320
7020 5344
32367 7277
23842 2789
12837 27193
14895 7336
3424 1346
18478 9639
26801 25249
27482 28285
19037 3928
23881 26814
17074 27466
3031 25123
25243 5515
25696 29415
115 28122
24370 11120
16151 20332
24385 17714
2879 26860
14877 23249
782 21951
31778 27525
31719 23692
15598 11715
6787 30460
6169 29978
12608 1726
7712 12123
22716 23503
20897 15612
30371 28664
1230 10430
9925 31640
11036 654
14956 18339
29499 25001
16876 24811
15691 20996
21627 4254
16717 12523
2627 15888
31191 15592
23734 7611
9996 23782
24866 20869
32204 25238
4485 24129
22312 19474
6050 6775
29721 18625
20052 31336
10609 1402
27939 23885
2065 1004
4629 16352
21853 317
7622 30749
26605 12273
5563 24138
15493 18702
244 1845
22344 14461
29376 29629
17704 26804
14294 22931
20897 29074
22944 26946
17575 11914
27610 13677
15581 4
22620 8024
31239 15360
7476 27819
11202 4605
12536 27250
6259 26137
347 16743
12413 26489
16381 24436
25015 26091
29064 6772
16157 10954
29432 28730
20677 22819
26938 2004
8213 6421
20217 22544
21556 4734
5301 5952
29374 31444
1813 22587
6332 14928
28542 30884
16339 27730
8932 17519
25531 16129
29408 29344
7155 30257
13571 24406
32179 5515
21611 9993
23075 30183
8595 1808
11466 18941
21615 10086
20041 22077
29881 12717
16201 24571
7302 22899
8114 6095
18716 14773
9757 828
11783 11169
11149 10639
15978 31392
8025 2058
24724 6548
30573 4418
32723 15710
28851 15302
28813 164
13259 25601
23180 29905
12802 1378
7578 17501
20098 3770
25678 19022
10182 21989
22821 17151
5457 28332
12756 31264
11680 26858
1245 6654
26717 14830
7521 4
12501 21793
16693 14978
31916 14312
7480 5038
15055 27852
19427 19945
11947 18905
10785 30019
2973 28227
28257 27200
25769 17232
13802 2525
17518 1137
31855 5838
345 4786
12772 18442
8730 5973
25232 8329
26196 14778
9570 29772
18329 27779
17544 16031
1685 5621
21566 11675
6281 6048
11236 1774
2300 31042
30036 18911
9133 15081
18034 12940
31435 4696
30981 630
7528 6060
13509 12864
4652 9535
24500 28852
27206 28365
26802 4871
168 5077
8268 23134
14708 12610
5078 12944
21937 13899
7865 20014
12099 152
9741 17345
28954 934
12907 4178
8105 32620
23548 9008
1434 2623
15574 22253
22720 29171
23945 31658
11085 14403
20468 22164
32069 11890
27742 15023
562 29747
25794 7891
28442 24007
8809 21748
25774 1381
8638 18086
18884 3038
16479 23263
10759 19585
12656 26879
27885 2108
3124 23823
30954 19461
10462 28998
5860 5752
16292 8402
10726 194
32278 14293
3864 28349
1710 9389
14831 2652
3752 28280
24737 3658
3603 29911
19676 9166
13865 23795
9399 22514
8668 20414
16361 27620
29873 28028
23864 1180
23505 6785
19509 32191
9566 2364
24359 25540
25091 9588
14661 22869
17615 17618
19752 27640
13635 16544
8063 7150
18345 23760
8709 7003
4008 8256
15024 2216
278 572
19243 10278
21261 4421
19591 24820
6465 30480
21294 290
1936 32210
3864 3350
5083 31419
7233 7727
27157 16832
14170 5289
26265 1694
10942 8385
2753 20252
1961 26393
8116 23184
32676 17501
31615 8868
29252 29735
7272 22874
788 7968
3710 2126
19408 5225
20341 13628
32468 12857
9393 12225
3539 16839
6049 27750
10444 19050
3150 4314
10554 8190
9780 5503
15756 12427
28496 8232
26836 21793
30074 31778
10947 10758
20981 21361
25557 12820
20293 3419
18889 18780
8512 30251
84 11023
25448 5167
10774 3743
20856 19971
1485 8225
28221 17937
27593 22518
3239 3929
16288 30122
28448 8046
10786 8732
28956 8641
12175 31967
28402 4130
30216 6369
24554 13444
20548 11338
22167 30721
24708 30631
23399 8990
26569 10312
21880 29519
5444 14822
30125 10686
27150 7050
22530 30536
1305 7081
20252 27080
27495 24468
3621 16025
8313 27152
9430 15958
8971 30016
469 1508
8702 9164
28482 24755
32150 19772
15756 6208
26853 27045
4234 23775
16263 24712
711 11191
25488 16119
4893 22030
14275 6393
4229 3527
2565 6704
30765 6952
529 2489
31179 8161
26732 17748
5682 2890
22940 30661
3106 9197
14741 3706
1893 19012
31604 12909
17943 22724
4463 18508
10310 17690
6412 15320
23995 26292
6034 6795
9750 1667
23229 16765
22305 7167
20918 8840
7518 23404
29250 25770
10978 31068
32314 25516
18534 18294
15675 21249
31900 3701
32414 2033
15807 18804
30635 12023
24942 9832
21001 28775
16058 28654
32377 18515
13950 17479
8133 5552
5615 15776
8690 9397
1907 28567
20925 14468
1463 24060
2118 22540
1275 20692
16134 25134
18097 10660
8198 11550
2887 7660
26195 13581
5697 31473
8877 7685
14474 22207
14463 3348
21772 21103
10004 7340
4990 20902
29447 28746
13693 19294
17403 11094
16863 6121
2701 20298
31300 24626
17031 17687
20205 4679
9558 5573
17618 32532
24767 5721
494 1393
9677 2811
29662 28256
9230 1368
17578 24207
17663 582
4579 293
15300 2726
6638 20411
15644 23439
21407 7079
29589 22953
9226 15489
1020 21462
9877 2016
13848 22808
15186 30309
5528 9647
20364 6651
8009 27521
5280 18780
20108 31167
6414 9432
7944 1990
30672 22610
22172 10051
4587 16011
11159 8603
1603 18851
6956 17546
23475 21724
1056 25098
4445 17314
22982 1910
2367 4552
813 12271
264 14613
15000 30207
3369 4095
302 2172
18990 1462
31475 26287
14415 24420
18167 10166
30018 23219
10190 20775
18516 22929
4159 246
13496 31536
26688 28313
1567 18000
7715 1897
2953 18624
22538 10828
29786 20514
22944 18065
944 8176
29195 25115
3572 18620
1564 19138
29871 1212
2761 30454
5279 15749
990 22949
23051 7959
23279 11615
28499 23578
8849 31417
14795 1895
6602 24047
6345 9930
965 20429
6909 25350
10186 30159
7681 31002
3438 15751
3121 20675
18695 18239
11453 23618
27747 25568
14845 9567
28602 10770
12804 11182
9952 26277
5495 30737
5823 27696
2208 2430
16133 1527
2750 32515
11290 4626
14239 8967
25941 1740
18289 15314
2927 26442
16598 17744
15160 27501
4406 30737
2184 24312
32601 16789
9593 31734
11317 4551
2515 17494
5636 8647
11976 7897
20890 6124
13026 15150
28150 11530
31289 347
13847 14064
7913 4190
17681 15413
17859 4116
8287 30005
11075 23131
19579 24150
31938 16243
4012 16272
20973 27051
22303 19756
23158 9273
29242 17867
5130 2409
6189 12715
7298 23546
27594 10022
29789 4036
29078 14459
17774 17823
11296 28369
466 16001
21137 30329
28453 2534
21893 24692
29173 29557
9753 7477
11639 29664
29509 5287
19321 10508
20845 32626
152 6514
50 25979
8371 18117
17038 26025
22432 21460
32032 10991
23069 16819
3780 12935
8969 2069
5991 18299
4308 3325
8474 22378
30516 16278
24420 1161
31001 23134
30941 6376
16100 4234
3832 16119
23763 10919
30753 9032
32192 22141
24584 25494
9740 11832
16956 28423
8918 15050
29435 15278
31088 30091
10825 30036
27411 3362
17727 2424
24785 29097
12710 13460
21452 27660
14276 29858
1446 17586
5750 1247
7480 15712
9599 18127
31623 25178
29216 15489
23795 30411
2537 30740
6834 102
26574 9338
8317 13902
14205 2940
27273 22323
25327 15614
8121 10942
7741 15237
7186 12848
26038 20982
32623 19526
8750 30369
5238 20575
26520 24445
9162 25824
472 11189
1922 5336
17362 18020
4827 26848
19655 26269
8745 1862
14305 20655
26388 8042
27148 15527
17664 9319
29192 1558
20941 6902
11964 2324
20161 32400
12238 20612
11714 467
1136 31130
30409 11815
27773 28827
8595 9889
8132 27364
14234 4648
8100 16942
21059 28886
18137 5392
18777 24736
2965 20677
9658 5434
10194 2096
11344 1845
7143 15389
5443 7787
16218 30922
17261 23452
21494 27814
4111 17753
20253 23640
32450 7201
19807 6147
28080 6603
25675 21961
5635 16419
18052 5518
28830 31448
28184 29182
21259 6294
16654 721
22709 24431
25662 13389
27736 16511
12390 14349
1461 28368
32121 29442
28554 23931
14394 3255
10689 26896
30218 985
15336 12344
31486 27638
3041 24473
26165 14469
3291 29946
30825 14631
23169 15784
10435 11052
5232 5144
31732 1113
3567 8397
20865 23272
9690 8828
7006 3793
23264 367
13247 6216
28655 12839
17707 8071
13547 11077
30930 16845
18342 29355
24352 10151
24845 1502
18066 20590
671 8622
29897 14097
6180 11546
30173 13332
24987 19310
30195 16601
14708 22958
22802 31
2815 23351
1330 12232
3365 6564
4758 26591
5462 31727
22108 19161
5826 22744
31571 2843
8652 18571
7436 27069
30651 14717
6452 4750
1715 19607
2848 31064
25061 15510
9642 7269
2562 21682
24380 20545
6645 14973
9258 30914
11217 3855
837 21318
2568 11104
2221 13884
223 31733
15078 27110
25630 16319
28206 32348
7436 11840
25102 17109
21658 18671
23856 16930
3551 23518
15216 26747
17604 29082
8757 13950
25857 15954
20226 9589
11592 17980
13384 8408
21183 17205
22655 14611
30900 3496
11124 29576
20621 3248
17893 23512
30205 29057
18251 14942
23422 16900
17911 5117
23291 30401
1376 22300
16076 12290
26300 23022
22248 17973
18381 3575
28246 14739
17406 3276
13541 17663
2990 25114
28957 6193
17868 14057
3701 32019
12196 16930
23495 27755
28408 8783
3584 21947
19027 1187
23324 7781
15258 15674
16722 7187
4324 13473
20107 3670
3979 20121
31769 23438
19844 11800
29350 5385
13547 31377
19050 1647
26082 2677
7074 21597
27292 5882
29501 28240
29109 23835
32728 22469
709 20448
2796 3230
24884 16351
4678 1224
4432 7171
5560 6939
13212 12172
27919 23425
10859 343
14916 31835
15790 14432
19447 1824
12555 10629
1048 29767
47 29325
5864 15976
13668 18024
13856 12446
3686 20152
31855 29743
25458 18065
11562 8559
1185 12925
7232 22497
372 22980
21100 8608
3760 25834
16814 9725
32364 17784
7675 28522
32360 19200
11828 18583
4256 2395
10581 29914
29217 29749
29679 18388
25628 21452
20952 24658
2873 30452
24608 2673
22829 18015
27464 3334
13455 7451
30127 26172
21223 2652
589 15231
30985 24700
30627 153
5537 13632
12018 6683
27150 14173
940 32511
13684 32058
30504 7563
5644 12536
15513 1913
5311 15792
16705 10580
3828 25083
1250 4389
29350 19384
22134 2127
185 8457
18719 1208
2446 6815
30049 13609
22485 4920
23183 11512
15778 12389
29827 29412
30659 2193
22930 30528
23378 27199
29888 13652
390 10387
12335 1024
26062 4372
9182 22946
10785 28336
7312 1850
30095 15873
3849 11980
8477 30414
19328 30982
9935 3797
1362 20003
1798 6599
756 5647
6156 10901
2603 17356
29678 23018
23679 12308
30858 5624
22509 1856
3560 8056
4060 20072
9934 22508
29266 17356
12174 17704
19816 7794
24355 28176
18683 28945
7804 29859
10405 13358
31256 4409
27115 15237
20947 21256
4792 6826
15104 18925
17419 15600
18615 32106
25836 13450
11888 21739
31140 1264
28881 21837
31533 27781
6341 22432
17128 29046
7374 7468
24206 13797
29852 25779
24681 22343
2782 25846
32708 23818
344 20602
7584 31355
31542 18060
424 10216
24992 21891
25447 22273
22158 29253
5049 18052
18910 2317
23167 14618
25764 2923
23703 4988
16065 8076
7692 9689
4791 21691
29833 9340
25531 296
32276 5034
18956 11496
28664 10953
22916 11838
20995 29384
22124 23321
31218 9146
11413 29661
23338 1476
23716 11110
32425 22842
21422 28747
14139 2565
24837 23391
26097 12872
15953 26494
25295 12355
24034 22150
24005 21367
29508 26531
19425 25866
27156 17104
13506 3950
16147 15770
29776 26942
28537 23847
17578 10088
29324 14712
9312 14993
29040 9707
27875 23477
12609 17156
11577 19470
25439 23916
7413 19512
20489 15930
15207 3730
3886 20594
28432 10471
17279 16331
14680 18766
3017 29878
21124 12878
7810 4507
16866 16966
17314 21862
17990 2572
8372 1858
8890 14037
2860 20388
9074 21333
21755 8844
28414 9255
18273 7944
30659 9070
16386 2041
8620 24509
9277 14873
28701 16948
7865 17213
20521 32748
23360 32472
21252 14998
13521 23489
27835 5214
2544 12086
2850 15126
11073 14624
6414 11920
6229 15768
16837 17995
32452 22443
2227 14930
12156 26970
2399 13154
32344 19685
29597 9803
16373 11082
6148 32408
22977 7176
6306 23666
6228 29224
4591 27074
16388 23166
20480 2710
2995 12077
25597 27846
3564 9321
11733 15063
10287 12929
11824 30239
3208 24860
13478 15402
32102 22466
15918 31581
16299 22431
6105 23257
29440 644
6592 22947
17515 4911
3642 26881
12067 27340
6483 1575
16291 6076
13434 5906
3325 14740
4730 3765
23665 26217
32684 7251
9022 30027
4714 27180
23224 21007
16326 12123
23195 15954
10364 6399
11679 9146
12838 20121
5196 23423
16559 5557
10768 3882
9226 22733
24719 5789
3620 5482
17722 30548
9495 30092
17699 26858
1440 6220
25359 735
18899 19904
5069 30616
26637 18975
13511 167
32299 5157
20695 24653
23801 12985
10076 7229
26605 24014
10636 21923
7446 13959
25100 25189
22863 19102
31422 2985
11448 26374
21722 5527
21351 32207
26432 29792
9818 9035
22284 21119
6320 26223
32363 19519
5401 2171
21934 1149
20364 22494
29341 30383
24376 12883
4622 10789
13500 29265
24502 10895
16538 19362
28734 27072
24041 23377
8601 28337
21835 28362
21910 30153
3103 17981
15025 26203
13304 22083
5935 16753
3661 19652
19050 28104
6258 23832
30825 1307
13254 5996
5043 1700
7727 20328
14693 4833
20163 22031
4995 5268
2760 2790
13708 31501
18143 2136
10065 27051
10364 28505
4614 161
15257 5706
17306 8950
12460 7964
31812 24016
14038 14521
14943 21745
18013 3999
30839 22658
28508 12750
4516 2063
185 27109
16406 9940
7000 21896
27122 1335
1422 15108
12381 9109
21209 25142
29909 29249
13262 29865
18632 21194
594 10494
31583 15997
24077 15761
14747 13867
27932 1625
29860 24365
5382 4624
606 29092
16370 10900
11324 23557
535 13454
8281 16342
13171 12881
30917 11186
20928 28165
19740 13971
16036 3844
606 24657
11816 7812
19706 23397
22891 16247
6444 9203
18840 7599
19849 2056
20245 22598
7129 1312
30973 27453
21540 7915
8401 23651
28176 4944
24170 12152
15466 4019
30770 26003
32514 19315
9108 3009
18108 11191
10673 7407
24548 21611
17493 15114
14018 19077
18217 868
27246 2957
26922 602
486 15964
16985 2612
30558 24868
20916 29004
3543 6320
8038 31603
9459 1261
20283 29328
32520 16042
14166 12938
11635 25244
20262 11368
5935 19877
2710 9399
19878 28245
30084 12588
9158 20402
9077 14731
15192 16692
18311 32711
31885 16404
2215 29547
11226 1479
26115 21560
4614 24517
16322 26640
27266 13454
22515 18451
3064 23023
24516 2311
32550 8321
25845 17149
30701 14452
13196 15409
25765 21386
32713 15155
1972 10342
27740 17476
20319 15111
16598 17923
24544 3728
25694 31049
952 9290
28837 30801
30278 27627
28956 20764
15513 2329
8804 5907
131 4650
17925 14319
8686 11310
24164 6102
29299 10287
26351 14534
20265 1463
23707 28983
3259 32403
10896 30204
27070 32727
20258 15211
31553 13346
19716 29117
18341 803
15544 8376
943 10844
4682 9867
9691 21286
27454 7673
17395 18934
30919 28601
28385 15070
23098 4893
194 5975
31681 16883
4411 2365
19796 9129
1040 5915
26085 13236
26098 23977
26331 26417
2969 659
13250 21965
10003 17532
21057 27107
18268 19523
1612 23525
30254 9093
32410 31997
26650 29795
9562 5364
29400 30341
26914 22354
15836 11614
4648 13255
24873 23474
30644 1481
26218 20566
10709 26495
24639 28728
25428 11230
3029 8607
22502 17426
12473 31923
12965 5151
13038 25919
22721 31432
2877 29110
17523 4272
6604 17268
3123 25279
1778 13383
27179 11207
9802 32046
22507 20839
4102 14944
4702 10288
25734 28816
6653 17159
28202 30576
834 20938
5476 28020
11104 21303
23313 6360
9521 7689
19721 23012
29296 1379
10484 4719
23848 7282
8544 9890
1388 23887
30993 31486
30537 14114
26776 5024
23801 18317
552 14532
8537 17224
1956 17545
5790 21000
26364 32244
30019 24998
20666 9526
18245 13437
7384 5426
5011 12052
29141 7738
24000 10493
25096 32281
19964 17660
29491 6487
5442 5228
17499 22968
25043 2527
17879 22022
30690 32517
14248 10000
17041 20943
25096 3571
28956 23763
15429 20376
29780 20211
30160 27006
28752 9785
5521 954
30303 20998
9086 17468
6976 16492
4204 26451
15766 23256
20517 16756
4246 13812
22970 3639
16131 30923
539 12450
14940 16175
25828 18602
2644 31575
20346 16887
12418 6861
25175 16360
29786 29320
23714 2775
11100 13908
17923 25246
20875 32635
27317 23129
1569 9886
24029 8558
16513 29924
30234 24011
20845 28759
30813 31599
1145 18314
25851 5420
30143 8319
6912 23211
28629 20169
17863 6064
26108 13550
18631 16543
24218 21775
7600 10304
25067 21707
22711 17087
16627 30816
18221 6647
18615 22803
23639 22255
13740 23251
24698 1189
31600 9497
5685 28683
13496 8978
18963 18768
20362 20224
97 27232
18860 19678
13629 26286
4444 6210
25328 18481
24129 18824
17022 7596
5794 13869
31355 15923
5334 28793
12319 26091
24827 27233
11933 4113
13035 16299
6321 12862
20588 27475
22648 15593
7079 27694
16773 1325
26076 7373
6449 31692
23123 17060
31026 21877
5526 6251
16496 2114
15581 22469
1556 17029
10698 1568
17121 16068
32342 2268
9415 6402
13580 17583
16565 2368
373 19528
5808 10052
5331 25138
7202 7065
6929 20988
16500 25047
1019 25751
8158 37
27819 29695
22654 22523
15683 25117
13736 29741
20194 30445
9598 30757
11728 27100
11456 5231
19452 6772
19685 9340
14249 15418
4202 22943
10852 31191
12650 5980
1081 21367
3695 25826
1830 15471
24968 6102
26320 15394
28059 7250
117 5669
5629 32302
20258 15777
5184 6014
28710 6137
16460 2139
19398 21165
7857 23527
13874 20607
10556 32395
7352 29140
1481 27011
4920 15452
8023 10141
21976 9717
21858 5949
4856 1741
13677 3493
4457 30407
29406 16243
1753 6689
4366 4715
12946 8531
29601 15479
4197 58
18707 21484
14304 8309
916 13583
15304 4880
21526 24792
7619 1375
23460 14582
10836 32045
1781 15634
20748 8215
18497 11608
19711 2610
9043 13876
12662 30708
16352 2393
12003 18257
30231 2056
9242 5156
2425 25231
20413 29649
1515 20752
13816 5160
29449 18819
3695 16781
20926 22270
20085 6230
6161 30260
9087 25973
8002 6973
29144 31319
14358 17557
11158 30732
22895 16230
5068 21927
7455 266
16897 9704
32510 14795
31201 24600
4667 1262
11059 12341
8431 23025
11787 4687
27128 8976
3905 15666
28932 7438
289 8261
5356 25649
17508 30898
24644 21135
7520 16839
18480 5000
10619 1181
19832 4244
10469 19191
13279 6975
4231 14700
17329 30833
30774 5321
18844 12531
14637 14001
18624 19247
20666 13702
4873 21047
23351 17293
15293 19977
15164 2380
6225 4370
16659 32567
17281 32496
26220 2700
22176 12412
29266 24956
19756 6408
6494 31371
18085 4325
28203 2873
6815 26921
13833 23010
29463 27822
30198 26339
24835 29278
19402 12542
7980 25774
26545 6400
30528 25193
14814 10400
32035 23727
10366 16555
5255 22077
25067 29278
29884 10223
7971 2067
7881 28290
27256 289
31163 1439
16009 1277
2365 13333
4464 4517
29289 28007
8253 26942
17118 19590
3748 763
11795 11231
12018 834
13547 32408
1605 32522
27529 20247
24829 3720
20837 1733
2926 29450
28575 25361
727 21539
12692 15287
12952 22536
11184 32322
4511 6970
17539 719
13348 19301
29718 7701
9622 27016
3455 5282
7893 30551
18099 21351
27809 5086
29340 4471
6739 19302
8555 16140
13514 7836
6960 26059
14761 1264
26791 24137
1728 28220
24149 32461
24007 1958
24020 10072
20562 18375
16748 20194
10241 1549
9699 30183
7927 8541
1685 8738
31886 31229
24519 18329
27209 17074
19256 17113
5387 27941
19193 18563
28294 13707
13951 28167
8949 4485
32247 12208
5902 1605
14297 6113
562 10739
11456 27550
30952 21583
21881 77
31625 17047
32601 7870
23869 12971
2772 5994
5925 14703
30796 27640
23514 22641
14119 12806
32535 5836
27428 4901
1458 8524
7151 3621
29137 13778
755 23956
8026 24058
27503 10113
17579 15612
22732 23173
27532 29904
26414 23557
30305 26262
6729 27569
1445 21044
3702 24656
20883 6465
16389 8640
19494 10530
23765 1080
8004 20594
21539 26833
23350 936
6304 18245
26972 21747
18630 1270
5919 9065
12651 15666
19750 17761
24215 24245
18125 12829
11923 17007
